#	Title	Moose_The_Mooche.xml
#	Source Filename	Moose_The_Mooche.xml
0	1	5	4
1.5	2	5	5
2	2.5	5	5
2.5	3	2	5
3	4	3	5
4.5	5	10	4
5	5.33333	7	4
5.33333	5.66667	3	4
5.66667	6	0	4
6	6.5	10	4
6.5	7	7	4
7	7.5	1	5
7.5	8	2	5
8	9	5	4
9.5	10	2	5
10	10.5	2	5
10.5	11	10	4
11	12	0	5
12.5	13	5	4
13	13.5	5	4
13.5	14	5	4
14	14.5	0	5
14.5	15.5	5	4
15.5	16	7	4
16	16.5	8	4
16.5	17	8	4
17	17.5	7	4
17.5	18	6	4
18	19	5	4
19.5	20	0	5
20.5	21	10	4
21.5	22	7	4
22	22.5	1	5
22.5	23	2	5
23	23.5	1	5
23.5	24	2	5
24	25	5	4
25.5	26	10	4
26	26.5	2	5
26.5	27	3	5
27	27.5	2	5
27.5	28	9	4
28	28.5	9	4
28.5	29	10	4
29	29.3333	7	4
29.3333	29.6667	5	4
29.6667	30	2	4
30	30.5	5	4
30.5	31	2	4
31	31.5	8	4
31.5	32	5	4
33.5	34	5	5
34	34.5	5	5
34.5	35	2	5
35	36	3	5
36.5	37	10	4
37	37.3333	7	4
37.3333	37.6667	3	4
37.6667	38	0	4
38	38.5	10	4
38.5	39	6	4
39	39.5	3	4
39.5	40	0	4
40	41	5	4
41.5	42	2	5
42	42.5	2	5
42.5	43	10	4
43	44	0	5
44.5	45	0	4
45	45.5	3	4
45.5	46	7	4
46	46.5	0	5
46.5	47	10	4
47	47.5	2	5
47.5	48	8	4
48	49	8	4
49	49.5	3	4
49.5	50	0	4
50	50.5	11	3
50.5	51	7	4
51.5	52	2	4
52	52.5	5	4
52.5	53	2	4
53	53.1667	10	3
53.1667	53.3333	0	4
53.3333	53.5	10	3
53.5	54	7	3
54	54.5	6	3
54.5	55.5	1	4
55.5	56	10	3
56	57	0	4
57.5	58	3	4
58.5	59	7	4
59	60	5	4
60.5	61	9	4
61.5	62	0	5
62	62.5	10	4
62.5	63	2	4
63	63.5	3	4
63.5	64	4	4
65.5	66	9	4
66.5	67	7	4
67.5	68	6	4
68	68.5	4	4
68.5	69	0	4
69	69.5	1	4
69.5	70	2	4
70	71	2	4
71.5	72	4	4
72	72.5	9	4
72.5	73	5	4
73	73.5	7	4
73.5	74	9	4
74	74.5	4	5
74.5	75	2	5
75	75.5	11	4
75.5	76	9	4
77.5	78	7	4
78.5	79	9	4
79.5	80	7	4
80	81	10	4
81.5	82	2	4
82	82.5	9	4
82.5	83	7	4
83	84	4	4
84	84.5	2	4
84.5	85	0	4
85	85.5	2	4
85.5	86	9	4
86	87.5	9	4
87.5	88	7	4
88	89	5	4
89.5	90	2	4
90	90.5	3	4
90.5	91	2	4
91	91.5	1	4
91.5	92	2	4
92	93	3	4
93.5	94	8	4
94.5	95	6	4
95.5	96	4	4
96	97	5	4
97.5	98	5	5
98	98.5	5	5
98.5	99	2	5
99	100	3	5
100.5	101	10	4
101	101.333	7	4
101.333	101.667	3	4
101.667	102	0	4
102	102.5	10	4
102.5	103	7	4
103	103.5	1	5
103.5	104	2	5
104	105	5	4
105.5	106	2	5
106	106.5	2	5
106.5	107	10	4
107	108	0	5
108.5	109	5	4
109	110	5	4
110	110.5	0	5
110.5	111.5	5	4
111.5	112	7	4
112	112.5	8	4
112.5	113	8	4
113	113.5	7	4
113.5	114	6	4
114	115	5	4
115.5	116	0	5
116.5	117	10	4
117.5	118	7	4
118	118.5	1	5
118.5	119	2	5
119	119.5	1	5
119.5	120	2	5
120	121	5	4
121.5	122	1	5
122	122.167	1	5
122.167	122.333	3	5
122.333	122.5	1	5
122.5	123	10	4
123	124	0	5
124.5	125	10	4
125	125.167	10	4
125.167	125.333	0	5
125.333	125.5	10	4
125.5	126	7	4
126	127	10	4
130	130.5	0	4
130.5	131	10	3
131	131.5	9	3
131.5	132	10	3
132	132.5	3	4
132.5	133	6	4
133	133.5	3	4
133.5	134	4	4
134	134.5	5	4
134.5	135	3	4
135	135.333	2	4
135.333	135.667	5	4
135.667	136	9	4
136	137	10	4
137	138	5	4
138	140	7	4
146	146.5	0	5
146.5	147	11	4
147	147.5	10	4
147.5	148	8	4
148	148.5	7	4
148.5	149	5	4
149	149.5	3	4
149.5	150	0	4
150	150.5	10	4
150.5	151	6	4
151	151.5	3	4
151.5	152	0	4
152	152.5	2	4
152.5	153	10	3
153	153.5	9	3
153.5	154	10	3
154	154.5	0	4
154.5	155	10	3
155	155.5	9	3
155.5	156	10	3
156	158	10	3
160.5	161	4	4
161	161.333	5	4
161.333	161.667	10	4
161.667	162	2	5
162	163	5	5
163	163.5	3	5
163.5	164	0	5
164	166	0	5
168.5	168.75	2	5
168.75	169	0	5
169	169.5	10	4
169.5	170	9	4
170	170.5	7	4
170.5	171	6	4
171	171.5	5	4
171.5	172	4	4
172	172.5	3	4
172.5	173	10	3
173	173.5	7	3
173.5	174	10	3
174	174.5	1	4
174.5	175	2	4
175	175.5	10	3
175.5	176	7	3
176	176.5	0	4
176.5	177	11	3
177	177.5	10	3
177.5	178	9	3
178	179	8	3
179	179.5	10	4
179.5	180	8	4
180	180.5	7	4
180.5	181	5	4
181	181.5	3	4
181.5	182	0	4
182	182.167	10	4
182.167	182.333	0	5
182.333	182.5	10	4
182.5	183	6	4
183	183.5	3	4
183.5	184	10	3
184	184.5	2	4
184.5	185	5	4
185	187	5	4
192.5	193	9	3
193	193.333	0	4
193.333	193.667	4	4
193.667	194	7	4
194	195	11	4
195	195.333	8	4
195.333	195.667	4	4
195.667	196	0	4
196	196.5	11	4
196.5	197	8	4
198.5	199	2	4
199	199.333	5	4
199.333	199.667	9	4
199.667	200	0	5
200	200.333	4	5
200.333	200.667	3	5
200.667	201	2	5
201	202	1	5
206	206.167	0	5
206.167	206.333	2	5
206.333	206.5	0	5
206.5	207	11	4
207	207.5	10	4
207.5	208	8	4
208	208.5	7	4
208.5	209	5	4
209	209.5	4	4
209.5	210	0	4
210	210.5	2	4
210.5	211	10	3
211	211.5	7	3
211.5	212	9	3
212	212.5	0	4
212.5	213	9	3
213	213.333	10	3
213.333	213.667	2	4
213.667	214	4	4
214	214.5	9	4
214.5	215	7	4
215	215.5	4	4
215.5	216	0	4
216	216.5	5	4
216.5	217	0	4
217	217.5	2	4
217.5	218	3	4
218	218.167	2	4
218.167	218.333	3	4
218.333	218.5	2	4
218.5	219	0	4
219	220	2	4
222.5	223	5	5
223	223.5	5	5
223.5	224	5	5
224	224.5	5	5
224.5	225	3	5
226.5	228	5	5
228	229	2	5
229	229.5	5	5
229.5	230	0	5
230	231	0	5
231.5	232	9	4
232	232.5	0	5
232.5	233	9	4
234.5	235	11	4
235	235.333	8	4
235.333	235.667	4	4
235.667	236	1	4
236	236.333	10	4
236.333	236.667	0	5
236.667	237	10	4
237	237.5	9	4
237.5	238	7	4
238	238.5	5	4
238.5	239	3	4
239	239.5	2	4
239.5	240	0	4
240	240.5	10	3
240.5	241	9	3
241	241.5	8	3
241.5	242	7	3
242	242.5	10	4
242.5	243	8	4
243	243.5	7	4
243.5	244	5	4
244	244.5	3	4
244.5	245	10	3
245	245.5	0	4
245.5	246	1	4
246	247	1	4
250.5	251	10	3
251	251.5	1	4
251.5	252	2	4
252	252.5	9	3
252.5	253	10	3
253	253.5	0	4
253.5	254	10	3
254	254.5	9	3
254.5	255	6	4
255	255.5	3	4
255.5	256	4	4
256	256.5	5	4
256.5	257	2	4
258	259	2	4
