#	Title	Psycroptic - Carriers Of The Plague (guitar pro).xml
#	Source Filename	Psycroptic - Carriers Of The Plague (guitar pro).xml
4	4.16667	2	2
4.16667	4.33333	4	2
4.33333	4.5	4	2
4.5	4.66667	4	2
4.66667	4.83333	4	2
4.83333	5	4	2
5	5.16667	2	2
5.16667	5.33333	4	2
5.33333	5.5	4	2
5.5	5.66667	4	2
5.66667	5.83333	4	2
5.83333	6	4	2
6	7	4	2
7	8	4	2
8	12	4	2
12	12.1667	2	2
12.1667	12.3333	4	2
12.3333	12.5	4	2
12.5	12.6667	4	2
12.6667	12.8333	4	2
12.8333	13	4	2
13	13.1667	2	2
13.1667	13.3333	4	2
13.3333	13.5	4	2
13.5	13.6667	4	2
13.6667	13.8333	4	2
13.8333	14	4	2
14	15	4	2
15	16	4	2
16	18	4	2
18	18.6667	4	3
18.6667	19	5	3
19	19.1667	4	2
19.1667	19.3333	5	2
19.3333	19.5	4	2
19.5	20	2	2
20	20.1667	2	2
20.1667	20.3333	4	2
20.3333	20.5	4	2
20.5	20.6667	4	2
20.6667	20.8333	4	2
20.8333	21	4	2
21	21.1667	2	2
21.1667	21.3333	4	2
21.3333	21.5	4	2
21.5	21.6667	4	2
21.6667	21.8333	4	2
21.8333	22	4	2
22	24	5	3
24	26	5	3
26	26.6667	9	3
26.6667	27	8	3
27	27.3333	2	2
27.3333	27.6667	10	2
27.6667	28	2	2
28	28.1667	2	2
28.1667	28.3333	4	2
28.3333	28.5	4	2
28.5	28.6667	4	2
28.6667	28.8333	4	2
28.8333	29	4	2
29	29.1667	2	2
29.1667	29.3333	4	2
29.3333	29.5	4	2
29.5	29.6667	4	2
29.6667	29.8333	4	2
29.8333	30	4	2
30	32	5	3
32	34	5	3
34	34.6667	4	3
34.6667	35	5	3
35	35.1667	4	2
35.1667	35.3333	5	2
35.3333	35.5	4	2
35.5	35.75	2	2
35.75	36	2	2
36	36.1667	4	2
36.1667	36.3333	4	2
36.3333	36.6667	4	2
36.6667	37	4	2
37	37.1667	4	2
37.1667	37.3333	4	2
37.3333	37.6667	4	2
37.6667	38	4	2
38	38.6667	5	3
38.6667	39	4	3
39	39.3333	2	2
39.3333	39.6667	4	3
39.6667	40	2	2
40	40.6667	9	3
40.6667	41	8	3
41	41.3333	2	2
41.3333	41.6667	5	3
41.6667	42	2	2
42	42.3333	11	2
42.3333	42.6667	2	2
42.6667	43	3	3
43	43.3333	2	2
43.3333	43.6667	3	3
43.6667	44	2	2
44	44.1667	4	2
44.1667	44.3333	4	2
44.3333	44.6667	4	2
44.6667	45	4	2
45	45.1667	4	2
45.1667	45.3333	4	2
45.3333	45.6667	4	2
45.6667	46	4	2
46	46.6667	5	3
46.6667	47	4	3
47	47.3333	2	2
47.3333	47.6667	4	3
47.6667	48	2	2
48	48.6667	9	3
48.6667	49	8	3
49	49.3333	2	2
49.3333	49.6667	3	3
49.6667	50	2	2
50	50.1667	8	3
50.1667	50.3333	9	3
50.3333	50.5	8	3
50.5	50.6667	2	3
50.6667	50.8333	4	3
50.8333	51	9	2
51	51.1667	8	2
51.1667	51.3333	9	2
51.3333	51.5	8	2
51.5	51.6667	2	2
51.6667	51.8333	5	2
51.8333	52	2	2
52	52.6667	11	2
52.6667	53	11	2
53	53.1667	2	2
53.1667	53.3333	2	2
53.3333	53.6667	11	2
53.6667	53.8333	2	2
53.8333	54	2	2
54	54.6667	0	3
54.6667	55	4	3
55	55.1667	2	2
55.1667	55.3333	2	2
55.3333	55.6667	4	3
55.6667	55.8333	2	2
55.8333	56	2	2
56	56.6667	9	3
56.6667	57	8	3
57	57.3333	2	2
57.3333	57.6667	5	3
57.6667	58	2	2
58	58.3333	11	2
58.3333	58.6667	2	2
58.6667	59	3	3
59	59.3333	2	2
59.3333	59.6667	3	3
59.6667	60	2	2
60	60.1667	2	2
60.1667	60.3333	4	2
60.3333	60.5	4	2
60.5	60.6667	4	2
60.6667	60.8333	4	2
60.8333	61	4	2
61	61.1667	2	2
61.1667	61.3333	4	2
61.3333	61.5	4	2
61.5	61.6667	4	2
61.6667	61.8333	4	2
61.8333	62	4	2
62	62.6667	5	2
62.6667	63	4	2
63	63.3333	2	2
63.3333	63.6667	11	2
63.6667	64	2	2
64	64.6667	9	3
64.6667	65	8	3
65	65.3333	2	2
65.3333	65.6667	3	3
65.6667	66	2	2
66	66.1667	8	3
66.1667	66.3333	9	3
66.3333	66.5	8	3
66.5	66.6667	2	3
66.6667	66.8333	4	3
66.8333	67	9	2
67	67.1667	8	2
67.1667	67.3333	9	2
67.3333	67.5	8	2
67.5	67.6667	2	2
67.6667	67.8333	5	2
67.8333	68	2	2
68	69	2	3
69	69.1667	9	3
69.1667	69.3333	10	3
69.3333	69.5	9	3
69.5	69.6667	2	3
69.6667	69.8333	7	3
69.8333	70	2	3
70	70.1667	10	3
70.1667	70.3333	7	3
70.3333	70.5	2	3
70.5	70.6667	7	3
70.6667	70.8333	6	3
70.8333	71	2	3
71	71.1667	2	3
71.1667	71.3333	3	3
71.3333	71.5	2	3
71.5	71.6667	9	2
71.6667	71.8333	0	3
71.8333	72	9	2
72	72.6667	3	3
72.6667	73	9	2
73	73.1667	2	2
73.1667	73.3333	2	2
73.3333	73.6667	9	2
73.6667	73.8333	2	2
73.8333	74	2	2
74	74.6667	8	2
74.6667	75	8	2
75	75.1667	2	2
75.1667	75.3333	2	2
75.3333	75.6667	9	2
75.6667	75.8333	2	2
75.8333	76	2	2
76	77	2	3
77	77.1667	9	3
77.1667	77.3333	10	3
77.3333	77.5	9	3
77.5	77.6667	2	3
77.6667	77.8333	7	3
77.8333	78	2	3
78	78.1667	10	3
78.1667	78.3333	7	3
78.3333	78.5	2	3
78.5	78.6667	7	3
78.6667	78.8333	6	3
78.8333	79	2	3
79	79.1667	2	3
79.1667	79.3333	3	3
79.3333	79.5	2	3
79.5	79.6667	9	2
79.6667	79.8333	0	3
79.8333	80	9	2
80	80.1667	5	2
80.1667	80.3333	7	2
80.3333	80.5	8	2
80.5	80.6667	0	3
80.6667	80.8333	2	3
80.8333	81	3	3
81	81.1667	6	3
81.1667	81.3333	7	3
81.3333	81.5	3	3
81.5	81.6667	6	3
81.6667	81.8333	2	3
81.8333	82	3	3
82	82.1667	6	3
82.1667	82.3333	7	3
82.3333	82.5	9	3
82.5	82.6667	0	4
82.6667	82.8333	3	4
82.8333	83	0	4
83	83.1667	2	4
83.1667	83.3333	3	4
83.3333	83.5	2	4
83.5	83.6667	0	4
83.6667	83.8333	10	3
83.8333	84	0	4
84	85	2	3
85	85.1667	9	3
85.1667	85.3333	10	3
85.3333	85.5	9	3
85.5	85.6667	2	3
85.6667	85.8333	7	3
85.8333	86	2	3
86	86.1667	10	3
86.1667	86.3333	7	3
86.3333	86.5	2	3
86.5	86.6667	7	3
86.6667	86.8333	6	3
86.8333	87	2	3
87	87.1667	2	3
87.1667	87.3333	3	3
87.3333	87.5	2	3
87.5	87.6667	9	2
87.6667	87.8333	0	3
87.8333	88	9	2
88	88.6667	3	3
88.6667	89	9	2
89	89.1667	2	2
89.1667	89.3333	2	2
89.3333	89.6667	9	2
89.6667	89.8333	2	2
89.8333	90	2	2
90	90.6667	8	2
90.6667	91	8	2
91	91.1667	2	2
91.1667	91.3333	2	2
91.3333	91.6667	9	2
91.6667	91.8333	2	2
91.8333	92	2	2
92	93	2	3
93	93.1667	9	3
93.1667	93.3333	10	3
93.3333	93.5	9	3
93.5	93.6667	2	3
93.6667	93.8333	7	3
93.8333	94	2	3
94	94.1667	10	3
94.1667	94.3333	7	3
94.3333	94.5	2	3
94.5	94.6667	7	3
94.6667	94.8333	6	3
94.8333	95	2	3
95	95.1667	2	3
95.1667	95.3333	3	3
95.3333	95.5	2	3
95.5	95.6667	9	2
95.6667	95.8333	0	3
95.8333	96	9	2
96	96.1667	5	2
96.1667	96.3333	7	2
96.3333	96.5	8	2
96.5	96.6667	0	3
96.6667	96.8333	2	3
96.8333	97	3	3
97	97.1667	6	3
97.1667	97.3333	7	3
97.3333	97.5	3	3
97.5	97.6667	6	3
97.6667	97.8333	2	3
97.8333	98	3	3
98	98.1667	6	3
98.1667	98.3333	7	3
98.3333	98.5	9	3
98.5	99.5	0	4
99.5	100	10	3
100	100.667	9	3
100.667	100.833	9	3
100.833	101	10	3
101	102	6	3
102	103	7	3
103	103.25	7	2
103.25	103.5	7	2
103.5	103.75	7	2
103.75	104	7	2
104	104.25	8	2
104.25	104.5	7	2
104.5	104.75	7	2
104.75	105	7	2
105	105.25	10	2
105.25	105.5	7	2
105.5	105.75	7	2
105.75	106	7	2
106	106.25	7	2
106.25	106.5	8	2
106.5	106.75	10	2
106.75	107	2	3
107	107.25	8	2
107.25	107.5	10	2
107.5	107.75	2	3
107.75	108	3	3
108	108.25	7	2
108.25	108.5	7	2
108.5	108.75	7	2
108.75	109	7	2
109	109.25	2	3
109.25	109.5	3	3
109.5	109.75	2	3
109.75	110	9	2
110	111	1	3
111	111.25	1	3
111.25	111.5	1	3
111.5	111.75	1	3
111.75	112	1	3
112	112.25	2	3
112.25	112.5	1	3
112.5	112.75	1	3
112.75	113	1	3
113	113.25	2	3
113.25	113.5	1	3
113.5	113.75	1	3
113.75	114	1	3
114	114.5	10	2
114.5	114.75	10	2
114.75	115	10	2
115	115.25	10	2
115.25	115.5	10	2
115.5	116.5	2	3
116.5	117	1	3
117	117.25	2	2
117.25	117.5	2	2
117.5	118	8	2
118	119	7	3
119	119.25	7	2
119.25	119.5	7	2
119.5	119.75	7	2
119.75	120	7	2
120	120.25	8	2
120.25	120.5	7	2
120.5	120.75	7	2
120.75	121	7	2
121	121.25	10	2
121.25	121.5	7	2
121.5	121.75	7	2
121.75	122	7	2
122	122.25	7	2
122.25	122.5	8	2
122.5	122.75	10	2
122.75	123	2	3
123	123.25	8	2
123.25	123.5	10	2
123.5	123.75	2	3
123.75	124	3	3
124	124.25	7	2
124.25	124.5	7	2
124.5	124.75	7	2
124.75	125	7	2
125	125.25	2	3
125.25	125.5	3	3
125.5	125.75	2	3
125.75	126	9	2
126	127	1	3
127	127.25	1	3
127.25	127.5	1	3
127.5	127.75	1	3
127.75	128	1	3
128	128.25	2	3
128.25	128.5	1	3
128.5	128.75	1	3
128.75	129	1	3
129	129.25	2	3
129.25	129.5	1	3
129.5	129.75	1	3
129.75	130	1	3
130	130.25	10	2
130.25	130.5	1	3
130.5	130.75	2	3
130.75	131	3	3
131	131.25	1	3
131.25	131.5	2	3
131.5	131.75	10	2
131.75	132	1	3
132	132.25	7	2
132.25	132.5	10	2
132.5	132.75	6	2
132.75	133	7	2
133	133.25	3	2
133.25	133.5	6	2
133.5	133.75	7	2
133.75	134	10	2
134	135	7	3
135	135.25	7	2
135.25	135.5	7	2
135.5	135.75	7	2
135.75	136	7	2
136	136.25	8	2
136.25	136.5	7	2
136.5	136.75	7	2
136.75	137	7	2
137	137.25	10	2
137.25	137.5	7	2
137.5	137.75	7	2
137.75	138	7	2
138	138.25	7	2
138.25	138.5	8	2
138.5	138.75	10	2
138.75	139	2	3
139	139.25	8	2
139.25	139.5	10	2
139.5	139.75	2	3
139.75	140	3	3
140	140.25	7	2
140.25	140.5	7	2
140.5	140.75	7	2
140.75	141	7	2
141	141.25	2	3
141.25	141.5	3	3
141.5	141.75	2	3
141.75	142	9	2
142	143	1	3
143	143.25	1	3
143.25	143.5	1	3
143.5	143.75	1	3
143.75	144	1	3
144	144.25	2	3
144.25	144.5	1	3
144.5	144.75	1	3
144.75	145	1	3
145	145.25	2	3
145.25	145.5	1	3
145.5	145.75	1	3
145.75	146	1	3
146	146.5	10	2
146.5	146.75	10	2
146.75	147	10	2
147	147.25	10	2
147.25	147.5	10	2
147.5	148.5	2	3
148.5	149	1	3
149	149.25	2	2
149.25	149.5	2	2
149.5	150	8	2
150	151	7	3
151	151.25	7	2
151.25	151.5	7	2
151.5	151.75	7	2
151.75	152	7	2
152	152.25	8	2
152.25	152.5	7	2
152.5	152.75	7	2
152.75	153	7	2
153	153.25	10	2
153.25	153.5	7	2
153.5	153.75	7	2
153.75	154	7	2
154	154.25	7	2
154.25	154.5	8	2
154.5	154.75	10	2
154.75	155	2	3
155	155.25	8	2
155.25	155.5	10	2
155.5	155.75	2	3
155.75	156	3	3
156	156.25	7	2
156.25	156.5	7	2
156.5	156.75	7	2
156.75	157	7	2
157	157.25	2	3
157.25	157.5	3	3
157.5	157.75	2	3
157.75	158	9	2
158	159	1	3
159	159.25	1	3
159.25	159.5	1	3
159.5	159.75	1	3
159.75	160	1	3
160	160.25	2	3
160.25	160.5	1	3
160.5	160.75	1	3
160.75	161	1	3
161	161.25	2	3
161.25	161.5	1	3
161.5	161.75	1	3
161.75	162	1	3
162	162.5	5	3
163.5	164.5	9	3
164.5	165	8	3
165	165.5	9	2
165.5	166	8	3
166	166.167	2	2
166.167	166.333	4	2
166.333	166.5	4	2
166.5	166.667	4	2
166.667	166.833	4	2
166.833	167	4	2
167	167.167	2	2
167.167	167.333	4	2
167.333	167.5	4	2
167.5	167.667	4	2
167.667	167.833	4	2
167.833	168	4	2
168	169	4	2
169	170	5	2
170	172	5	2
172	172.167	4	2
172.167	172.333	5	2
172.333	172.5	4	2
172.5	172.667	5	2
172.667	172.833	4	2
172.833	173	5	2
173	173.167	4	2
173.167	173.333	5	2
173.333	173.5	4	2
173.5	173.667	5	2
173.667	173.833	4	2
173.833	174	5	2
174	174.167	4	2
174.167	174.333	4	2
174.333	174.667	4	2
174.667	175	4	2
175	175.167	4	2
175.167	175.333	4	2
175.333	175.667	4	2
175.667	176	4	2
176	176.667	5	3
176.667	177	4	3
177	177.333	9	2
177.333	177.667	4	3
177.667	178	9	2
178	178.667	9	3
178.667	179	8	3
179	179.333	9	2
179.333	179.667	5	3
179.667	180	9	2
180	180.333	11	2
180.333	180.667	9	2
180.667	181	3	3
181	181.333	9	2
181.333	181.667	3	3
181.667	182	9	2
182	182.167	4	2
182.167	182.333	4	2
182.333	182.667	4	2
182.667	183	4	2
183	183.167	4	2
183.167	183.333	4	2
183.333	183.667	4	2
183.667	184	4	2
184	184.667	5	3
184.667	185	4	3
185	185.333	9	2
185.333	185.667	4	3
185.667	186	9	2
186	186.667	9	3
186.667	187	8	3
187	187.333	9	2
187.333	187.667	3	3
187.667	188	9	2
188	188.167	8	3
188.167	188.333	9	3
188.333	188.5	8	3
188.5	188.667	2	3
188.667	188.833	4	3
188.833	189	9	2
189	189.167	8	2
189.167	189.333	9	2
189.333	189.5	8	2
189.5	189.667	2	2
189.667	189.833	5	2
189.833	190	2	2
190	190.167	4	2
190.167	190.333	4	2
190.333	190.667	4	2
190.667	191	4	2
191	191.167	4	2
191.167	191.333	4	2
191.333	191.667	4	2
191.667	192	4	2
192	192.667	5	3
192.667	193	4	3
193	193.333	9	2
193.333	193.667	4	3
193.667	194	9	2
194	194.667	9	3
194.667	195	8	3
195	195.333	9	2
195.333	195.667	5	3
195.667	196	9	2
196	196.333	11	2
196.333	196.667	9	2
196.667	197	3	3
197	197.333	9	2
197.333	197.667	3	3
197.667	198	9	2
198	198.167	4	2
198.167	198.333	4	2
198.333	198.667	4	2
198.667	199	4	2
199	199.167	4	2
199.167	199.333	4	2
199.333	199.667	4	2
199.667	200	4	2
200	200.667	5	3
200.667	201	4	3
201	201.333	9	2
201.333	201.667	4	3
201.667	202	9	2
202	202.667	9	3
202.667	203	8	3
203	203.333	9	2
203.333	203.667	3	3
203.667	204	9	2
204	204.167	8	3
204.167	204.333	9	3
204.333	204.5	8	3
204.5	204.667	2	3
204.667	204.833	4	3
204.833	205	9	2
205	205.167	8	2
205.167	205.333	9	2
205.333	205.5	8	2
205.5	205.667	2	2
205.667	205.833	5	2
205.833	206	2	2
206	207	2	3
207	207.167	9	3
207.167	207.333	10	3
207.333	207.5	9	3
207.5	207.667	2	3
207.667	207.833	7	3
207.833	208	2	3
208	208.167	10	3
208.167	208.333	7	3
208.333	208.5	2	3
208.5	208.667	7	3
208.667	208.833	6	3
208.833	209	2	3
209	209.167	2	3
209.167	209.333	3	3
209.333	209.5	2	3
209.5	209.667	9	2
209.667	209.833	0	3
209.833	210	9	2
210	210.667	3	3
210.667	211	9	2
211	211.167	2	2
211.167	211.333	2	2
211.333	211.667	9	2
211.667	211.833	2	2
211.833	212	2	2
212	212.667	8	2
212.667	213	8	2
213	213.167	2	2
213.167	213.333	2	2
213.333	213.667	9	2
213.667	213.833	2	2
213.833	214	2	2
214	215	2	3
215	215.167	9	3
215.167	215.333	10	3
215.333	215.5	9	3
215.5	215.667	2	3
215.667	215.833	7	3
215.833	216	2	3
216	216.167	10	3
216.167	216.333	7	3
216.333	216.5	2	3
216.5	216.667	7	3
216.667	216.833	6	3
216.833	217	2	3
217	217.167	2	3
217.167	217.333	3	3
217.333	217.5	2	3
217.5	217.667	9	2
217.667	217.833	0	3
217.833	218	9	2
218	218.167	5	2
218.167	218.333	7	2
218.333	218.5	8	2
218.5	218.667	0	3
218.667	218.833	2	3
218.833	219	3	3
219	219.167	6	3
219.167	219.333	7	3
219.333	219.5	3	3
219.5	219.667	6	3
219.667	219.833	2	3
219.833	220	3	3
220	220.167	6	3
220.167	220.333	7	3
220.333	220.5	9	3
220.5	220.667	0	4
220.667	220.833	3	4
220.833	221	0	4
221	221.167	2	4
221.167	221.333	3	4
221.333	221.5	2	4
221.5	221.667	0	4
221.667	221.833	10	3
221.833	222	0	4
222	223	2	3
223	223.167	9	3
223.167	223.333	10	3
223.333	223.5	9	3
223.5	223.667	2	3
223.667	223.833	7	3
223.833	224	2	3
224	224.167	10	3
224.167	224.333	7	3
224.333	224.5	2	3
224.5	224.667	7	3
224.667	224.833	6	3
224.833	225	2	3
225	225.167	2	3
225.167	225.333	3	3
225.333	225.5	2	3
225.5	225.667	9	2
225.667	225.833	0	3
225.833	226	9	2
226	226.667	3	3
226.667	227	9	2
227	227.167	2	2
227.167	227.333	2	2
227.333	227.667	9	2
227.667	227.833	2	2
227.833	228	2	2
228	228.667	8	2
228.667	229	8	2
229	229.167	2	2
229.167	229.333	2	2
229.333	229.667	9	2
229.667	229.833	2	2
229.833	230	2	2
230	231	2	3
231	231.167	9	3
231.167	231.333	10	3
231.333	231.5	9	3
231.5	231.667	2	3
231.667	231.833	7	3
231.833	232	2	3
232	232.167	10	3
232.167	232.333	7	3
232.333	232.5	2	3
232.5	232.667	7	3
232.667	232.833	6	3
232.833	233	2	3
233	233.167	2	3
233.167	233.333	3	3
233.333	233.5	2	3
233.5	233.667	9	2
233.667	233.833	0	3
233.833	234	9	2
234	234.167	5	2
234.167	234.333	7	2
234.333	234.5	8	2
234.5	234.667	0	3
234.667	234.833	2	3
234.833	235	3	3
235	235.167	6	3
235.167	235.333	7	3
235.333	235.5	3	3
235.5	235.667	6	3
235.667	235.833	2	3
235.833	236	3	3
236	236.167	6	3
236.167	236.333	7	3
236.333	236.5	9	3
236.5	236.667	0	4
236.667	236.833	3	4
236.833	237	0	4
237	237.167	2	4
237.167	237.333	3	4
237.333	237.5	2	4
237.5	237.667	0	4
237.667	237.833	10	3
237.833	238	0	4
238	242	2	3
242	246	2	3
246	246.5	3	3
246.5	247	3	3
247	247.5	3	3
247.5	248	3	3
248	248.5	3	3
248.5	249	3	3
249	249.5	3	3
249.5	250	3	3
250	250.5	6	3
250.5	251	6	3
251	251.5	6	3
251.5	252	6	3
252	252.5	6	3
252.5	253	6	3
253	253.5	6	3
253.5	254	6	3
254	254.25	2	2
254.25	254.5	2	2
254.5	254.75	2	2
254.75	255	2	2
255	256	2	3
256	256.25	9	2
256.25	256.5	6	3
256.5	256.75	7	3
256.75	257	9	3
257	257.25	7	3
257.25	257.5	6	3
257.5	257.75	9	2
257.75	258	0	4
258	258.25	3	3
258.25	258.5	9	2
258.5	258.75	2	3
258.75	259	3	3
259	259.25	7	3
259.25	259.5	3	3
259.5	259.75	2	3
259.75	260	9	2
260	260.25	2	2
260.25	260.5	2	2
260.5	261	10	2
261	261.25	2	2
261.25	261.5	2	2
261.5	262	10	2
262	262.25	2	2
262.25	262.5	2	2
262.5	262.75	2	2
262.75	263	2	2
263	264	2	3
264	264.25	9	2
264.25	264.5	6	3
264.5	264.75	7	3
264.75	265	9	3
265	265.25	7	3
265.25	265.5	6	3
265.5	265.75	9	2
265.75	266	0	4
266	266.25	3	3
266.25	266.5	9	2
266.5	266.75	2	3
266.75	267	3	3
267	267.25	7	3
267.25	267.5	3	3
267.5	267.75	2	3
267.75	268	9	2
268	268.25	2	2
268.25	268.5	2	2
268.5	269	0	3
269	269.25	2	2
269.25	269.5	2	2
269.5	270	3	3
270	271	2	3
271	271.25	2	2
271.25	271.5	2	2
271.5	271.75	2	2
271.75	272	2	2
272	272.25	9	2
272.25	272.5	6	3
272.5	272.75	7	3
272.75	273	9	3
273	273.25	7	3
273.25	273.5	6	3
273.5	273.75	9	2
273.75	274	0	4
274	274.25	3	3
274.25	274.5	9	2
274.5	274.75	2	3
274.75	275	3	3
275	275.25	7	3
275.25	275.5	3	3
275.5	275.75	2	3
275.75	276	9	2
276	276.25	6	3
276.25	276.5	7	3
276.5	276.75	9	3
276.75	277	10	3
277	277.25	7	3
277.25	277.5	2	4
277.5	277.75	3	4
277.75	278	9	4
278	280	2	3
280	280.25	9	2
280.25	280.5	6	3
280.5	280.75	7	3
280.75	281	9	3
281	281.25	2	3
281.25	281.5	9	3
281.5	281.75	10	3
281.75	282	2	4
282	282.25	10	3
282.25	282.5	9	3
282.5	282.75	2	3
282.75	283	5	4
283	283.25	9	3
283.25	283.5	2	3
283.5	283.75	7	3
283.75	284	2	3
284	284.25	2	2
284.25	284.5	2	2
284.5	285	0	3
285	285.25	2	2
285.25	285.5	2	2
285.5	286	3	3
286	287	2	3
287	287.167	2	2
287.167	287.333	2	2
287.333	287.5	2	2
287.5	287.667	2	2
287.667	287.833	2	2
287.833	288	2	2
288	288.167	2	2
288.167	288.333	2	2
288.333	288.5	2	2
288.5	288.667	2	2
288.667	288.833	2	2
288.833	289	2	2
289	289.167	2	2
289.167	289.333	2	2
289.333	289.5	2	2
289.5	289.667	2	2
289.667	289.833	2	2
289.833	290	2	2
290	290.167	2	2
290.167	290.333	2	2
290.333	290.5	2	2
290.5	290.667	2	2
290.667	290.833	2	2
290.833	291	2	2
291	291.167	2	2
291.167	291.333	2	2
291.333	291.5	2	2
291.5	291.667	2	2
291.667	291.833	2	2
291.833	292	2	2
292	292.167	2	2
292.167	292.333	2	2
292.333	292.5	2	2
292.5	292.667	2	2
292.667	292.833	2	2
292.833	293	2	2
293	293.167	3	3
293.167	293.333	3	3
293.333	293.5	3	3
293.5	293.667	3	3
293.667	293.833	3	3
293.833	294	3	3
294	294.167	2	3
294.167	294.333	2	3
294.333	294.5	2	3
294.5	294.667	2	3
294.667	294.833	2	3
294.833	295	2	3
295	295.167	6	2
295.167	295.333	6	2
295.333	295.5	6	2
295.5	295.667	6	2
295.667	295.833	6	2
295.833	296	6	2
296	296.167	6	2
296.167	296.333	6	2
296.333	296.5	6	2
296.5	296.667	6	2
296.667	296.833	6	2
296.833	297	6	2
297	297.167	6	2
297.167	297.333	6	2
297.333	297.5	6	2
297.5	297.667	6	2
297.667	297.833	6	2
297.833	298	6	2
298	298.167	2	3
298.167	298.333	2	3
298.333	298.5	2	3
298.5	298.667	2	3
298.667	298.833	2	3
298.833	299	2	3
299	299.167	3	2
299.167	299.333	3	2
299.333	299.5	3	2
299.5	299.667	3	2
299.667	299.833	3	2
299.833	300	3	2
300	300.167	3	2
300.167	300.333	3	2
300.333	300.5	3	2
300.5	300.667	3	2
300.667	300.833	3	2
300.833	301	3	2
301	301.167	3	3
301.167	301.333	3	3
301.333	301.5	3	3
301.5	301.667	3	3
301.667	301.833	3	3
301.833	302	3	3
302	302.167	2	3
302.167	302.333	2	3
302.333	302.5	2	3
302.5	302.667	2	3
302.667	302.833	2	3
302.833	303	2	3
303	303.167	2	2
303.167	303.333	2	2
303.333	303.5	2	2
303.5	303.667	2	2
303.667	303.833	2	2
303.833	304	2	2
304	304.167	2	2
304.167	304.333	2	2
304.333	304.5	2	2
304.5	304.667	2	2
304.667	304.833	2	2
304.833	305	2	2
305	305.167	2	2
305.167	305.333	2	2
305.333	305.5	2	2
305.5	305.667	2	2
305.667	305.833	2	2
305.833	306	2	2
306	306.167	2	2
306.167	306.333	2	2
306.333	306.5	2	2
306.5	306.667	2	2
306.667	306.833	2	2
306.833	307	2	2
307	307.167	2	2
307.167	307.333	2	2
307.333	307.5	2	2
307.5	307.667	2	2
307.667	307.833	2	2
307.833	308	2	2
308	308.167	2	2
308.167	308.333	2	2
308.333	308.5	2	2
308.5	308.667	2	2
308.667	308.833	2	2
308.833	309	2	2
309	309.167	3	3
309.167	309.333	3	3
309.333	309.5	3	3
309.5	309.667	3	3
309.667	309.833	3	3
309.833	310	3	3
310	310.167	2	3
310.167	310.333	2	3
310.333	310.5	2	3
310.5	310.667	2	3
310.667	310.833	2	3
310.833	311	2	3
311	311.167	6	2
311.167	311.333	6	2
311.333	311.5	6	2
311.5	311.667	6	2
311.667	311.833	6	2
311.833	312	6	2
312	312.167	6	2
312.167	312.333	6	2
312.333	312.5	6	2
312.5	312.667	6	2
312.667	312.833	6	2
312.833	313	6	2
313	313.167	6	2
313.167	313.333	6	2
313.333	313.5	6	2
313.5	313.667	6	2
313.667	313.833	6	2
313.833	314	6	2
314	314.167	2	3
314.167	314.333	2	3
314.333	314.5	2	3
314.5	314.667	2	3
314.667	314.833	2	3
314.833	315	2	3
315	315.167	3	2
315.167	315.333	3	2
315.333	315.5	3	2
315.5	315.667	3	2
315.667	315.833	3	2
315.833	316	3	2
316	316.167	3	2
316.167	316.333	3	2
316.333	316.5	3	2
316.5	316.667	3	2
316.667	316.833	3	2
316.833	317	3	2
317	317.167	3	3
317.167	317.333	3	3
317.333	317.5	3	3
317.5	317.667	3	3
317.667	317.833	3	3
317.833	318	3	3
318	319	2	3
319	320	2	2
320	320.167	2	2
320.167	320.333	2	2
320.333	320.5	2	2
320.5	320.667	2	2
320.667	320.833	2	2
320.833	321	2	2
321	321.167	2	2
321.167	321.333	2	2
321.333	321.5	2	2
321.5	321.667	2	2
321.667	321.833	2	2
321.833	322	2	2
322	322.167	2	2
322.167	322.333	2	2
322.333	322.5	2	2
322.5	322.667	2	2
322.667	322.833	2	2
322.833	323	2	2
323	323.167	2	2
323.167	323.333	2	2
323.333	323.5	2	2
323.5	323.667	2	2
323.667	323.833	2	2
323.833	324	2	2
324	324.167	2	2
324.167	324.333	2	2
324.333	324.5	2	2
324.5	324.667	2	2
324.667	324.833	2	2
324.833	325	2	2
325	325.167	3	3
325.167	325.333	3	3
325.333	325.5	3	3
325.5	325.667	3	3
325.667	325.833	3	3
325.833	326	3	3
326	326.167	2	3
326.167	326.333	2	3
326.333	326.5	2	3
326.5	326.667	2	3
326.667	326.833	2	3
326.833	327	2	3
327	327.167	6	2
327.167	327.333	6	2
327.333	327.5	6	2
327.5	327.667	6	2
327.667	327.833	6	2
327.833	328	6	2
328	328.167	6	2
328.167	328.333	6	2
328.333	328.5	6	2
328.5	328.667	6	2
328.667	328.833	6	2
328.833	329	6	2
329	329.167	6	2
329.167	329.333	6	2
329.333	329.5	6	2
329.5	329.667	6	2
329.667	329.833	6	2
329.833	330	6	2
330	330.167	2	3
330.167	330.333	2	3
330.333	330.5	2	3
330.5	330.667	2	3
330.667	330.833	2	3
330.833	331	2	3
331	331.167	3	2
331.167	331.333	3	2
331.333	331.5	3	2
331.5	331.667	3	2
331.667	331.833	3	2
331.833	332	3	2
332	332.167	3	2
332.167	332.333	3	2
332.333	332.5	3	2
332.5	332.667	3	2
332.667	332.833	3	2
332.833	333	3	2
333	333.167	3	3
333.167	333.333	3	3
333.333	333.5	3	3
333.5	333.667	3	3
333.667	333.833	3	3
333.833	334	3	3
334	334.167	2	3
334.167	334.333	2	3
334.333	334.5	2	3
334.5	334.667	2	3
334.667	334.833	2	3
334.833	335	2	3
335	335.167	2	2
335.167	335.333	2	2
335.333	335.5	2	2
335.5	335.667	2	2
335.667	335.833	2	2
335.833	336	2	2
336	336.167	2	2
336.167	336.333	2	2
336.333	336.5	2	2
336.5	336.667	2	2
336.667	336.833	2	2
336.833	337	2	2
337	337.167	2	2
337.167	337.333	2	2
337.333	337.5	2	2
337.5	337.667	2	2
337.667	337.833	2	2
337.833	338	2	2
338	338.167	2	2
338.167	338.333	2	2
338.333	338.5	2	2
338.5	338.667	2	2
338.667	338.833	2	2
338.833	339	2	2
339	339.167	2	2
339.167	339.333	2	2
339.333	339.5	2	2
339.5	339.667	2	2
339.667	339.833	2	2
339.833	340	2	2
340	340.167	2	2
340.167	340.333	2	2
340.333	340.5	2	2
340.5	340.667	2	2
340.667	340.833	2	2
340.833	341	2	2
341	341.167	3	3
341.167	341.333	3	3
341.333	341.5	3	3
341.5	341.667	3	3
341.667	341.833	3	3
341.833	342	3	3
342	342.167	2	3
342.167	342.333	2	3
342.333	342.5	2	3
342.5	342.667	2	3
342.667	342.833	2	3
342.833	343	2	3
343	343.167	6	2
343.167	343.333	6	2
343.333	343.5	6	2
343.5	343.667	6	2
343.667	343.833	6	2
343.833	344	6	2
344	344.167	6	2
344.167	344.333	6	2
344.333	344.5	6	2
344.5	344.667	6	2
344.667	344.833	6	2
344.833	345	6	2
345	345.167	6	2
345.167	345.333	6	2
345.333	345.5	6	2
345.5	345.667	6	2
345.667	345.833	6	2
345.833	346	6	2
346	346.167	2	3
346.167	346.333	2	3
346.333	346.5	2	3
346.5	346.667	2	3
346.667	346.833	2	3
346.833	347	2	3
347	347.167	3	2
347.167	347.333	3	2
347.333	347.5	3	2
347.5	347.667	3	2
347.667	347.833	3	2
347.833	348	3	2
348	348.167	3	2
348.167	348.333	3	2
348.333	348.5	3	2
348.5	348.667	3	2
348.667	348.833	3	2
348.833	349	3	2
349	349.167	3	3
349.167	349.333	3	3
349.333	349.5	3	3
349.5	349.667	3	3
349.667	349.833	3	3
349.833	350	3	3
350	350.25	2	2
350.25	350.5	2	2
350.5	350.75	2	2
350.75	351	2	2
351	352	2	3
352	352.25	9	2
352.25	352.5	6	3
352.5	352.75	7	3
352.75	353	9	3
353	353.25	7	3
353.25	353.5	6	3
353.5	353.75	9	2
353.75	354	0	4
354	354.25	3	3
354.25	354.5	9	2
354.5	354.75	2	3
354.75	355	3	3
355	355.25	7	3
355.25	355.5	3	3
355.5	355.75	2	3
355.75	356	9	2
356	356.25	2	2
356.25	356.5	2	2
356.5	357	10	2
357	357.25	2	2
357.25	357.5	2	2
357.5	358	10	2
358	358.25	2	2
358.25	358.5	2	2
358.5	358.75	2	2
358.75	359	2	2
359	360	2	3
360	360.25	9	2
360.25	360.5	6	3
360.5	360.75	7	3
360.75	361	9	3
361	361.25	7	3
361.25	361.5	6	3
361.5	361.75	9	2
361.75	362	0	4
362	362.25	3	3
362.25	362.5	9	2
362.5	362.75	2	3
362.75	363	3	3
363	363.25	7	3
363.25	363.5	3	3
363.5	363.75	2	3
363.75	364	9	2
364	364.25	2	2
364.25	364.5	2	2
364.5	365	0	3
365	365.25	2	2
365.25	365.5	2	2
365.5	366	3	3
366	367	2	3
367	367.25	2	2
367.25	367.5	2	2
367.5	367.75	2	2
367.75	368	2	2
368	368.25	9	2
368.25	368.5	6	3
368.5	368.75	7	3
368.75	369	9	3
369	369.25	7	3
369.25	369.5	6	3
369.5	369.75	9	2
369.75	370	0	4
370	370.25	3	3
370.25	370.5	9	2
370.5	370.75	2	3
370.75	371	3	3
371	371.25	7	3
371.25	371.5	3	3
371.5	371.75	2	3
371.75	372	9	2
372	372.25	6	3
372.25	372.5	7	3
372.5	372.75	9	3
372.75	373	10	3
373	373.25	7	3
373.25	373.5	2	4
373.5	373.75	3	4
373.75	374	9	4
374	376	2	3
376	376.25	9	2
376.25	376.5	6	3
376.5	376.75	7	3
376.75	377	9	3
377	377.25	2	3
377.25	377.5	9	3
377.5	377.75	10	3
377.75	378	2	4
378	378.25	10	3
378.25	378.5	9	3
378.5	378.75	2	3
378.75	379	5	4
379	379.25	9	3
379.25	379.5	2	3
379.5	379.75	7	3
379.75	380	2	3
380	380.25	2	2
380.25	380.5	2	2
380.5	381	0	3
381	381.25	2	2
381.25	381.5	2	2
381.5	382	3	3
382	383	2	3
383	383.5	9	2
383.5	384	2	2
384	384.5	2	2
384.5	385	2	2
385	385.5	2	2
385.5	386	2	2
386	386.5	2	2
386.5	387	2	2
387	387.5	2	2
387.5	388	2	2
388	388.5	2	2
388.5	389	7	3
389	389.5	2	2
389.5	390	10	3
390	391	9	3
391	391.5	10	2
391.5	392	3	2
392	392.5	3	2
392.5	393	3	2
393	393.5	3	2
393.5	394	3	2
394	394.5	1	3
394.5	395	1	3
395	395.5	1	3
395.5	396	1	3
396	396.25	2	2
396.25	396.5	2	2
396.5	397	7	3
397	397.25	2	2
397.25	397.5	2	2
397.5	398	10	3
398	399	9	3
399	399.5	9	2
399.5	400	2	2
400	400.5	2	2
400.5	401	2	2
401	401.5	2	2
401.5	402	2	2
402	402.5	2	2
402.5	403	2	2
403	403.5	2	2
403.5	404	2	2
404	404.5	2	2
404.5	405	7	3
405	405.5	2	2
405.5	406	10	3
406	407	9	3
407	407.5	10	2
407.5	408	3	2
408	408.5	3	2
408.5	409	3	2
409	409.5	3	2
409.5	410	3	2
410	410.5	1	3
410.5	411	1	3
411	411.5	1	3
411.5	412	1	3
412	412.25	2	2
412.25	412.5	2	2
412.5	413	7	3
413	413.25	2	2
413.25	413.5	2	2
413.5	414	10	3
414	415	9	3
415	415.5	9	2
415.5	416	9	2
416	416.5	9	2
416.5	417	9	2
417	417.5	9	2
417.5	418	9	2
418	418.5	9	2
418.5	419	9	2
419	419.5	9	2
419.5	420	9	2
420	420.25	2	2
420.25	420.5	2	2
420.5	421	7	3
421	421.25	2	2
421.25	421.5	2	2
421.5	422	10	3
422	423	9	3
423	423.5	10	2
423.5	424	10	2
424	424.5	10	2
424.5	425	10	2
425	425.5	10	2
425.5	426	10	2
426	426.5	1	3
426.5	427	1	3
427	427.5	1	3
427.5	428	1	3
428	428.25	2	2
428.25	428.5	2	2
428.5	429	7	3
429	429.25	2	2
429.25	429.5	2	2
429.5	430	10	3
430	431	9	3
431	431.5	9	2
431.5	432	9	2
432	432.5	9	2
432.5	433	9	2
433	433.5	9	2
433.5	434	9	2
434	434.5	9	2
434.5	435	9	2
435	435.5	9	2
435.5	436	9	2
436	436.25	2	2
436.25	436.5	2	2
436.5	437	7	3
437	437.25	2	2
437.25	437.5	2	2
437.5	438	10	3
438	439	9	3
439	439.5	10	2
439.5	440	10	2
440	440.5	10	2
440.5	441	10	2
441	441.5	10	2
441.5	442	10	2
442	442.5	1	3
442.5	443	1	3
443	443.5	1	3
443.5	444	1	3
444	444.25	6	2
444.25	444.5	6	2
444.5	444.75	6	2
444.75	445	6	2
445	445.25	6	2
445.25	445.5	6	2
445.5	445.75	6	2
445.75	446	6	2
446	447	7	3
447	447.25	7	2
447.25	447.5	7	2
447.5	447.75	7	2
447.75	448	7	2
448	448.25	8	2
448.25	448.5	7	2
448.5	448.75	7	2
448.75	449	7	2
449	449.25	10	2
449.25	449.5	7	2
449.5	449.75	7	2
449.75	450	7	2
450	450.25	7	2
450.25	450.5	8	2
450.5	450.75	10	2
450.75	451	2	3
451	451.25	8	2
451.25	451.5	10	2
451.5	451.75	2	3
451.75	452	3	3
452	452.25	7	2
452.25	452.5	7	2
452.5	452.75	7	2
452.75	453	7	2
453	453.25	2	3
453.25	453.5	3	3
453.5	453.75	2	3
453.75	454	9	2
454	455	1	3
455	455.25	1	3
455.25	455.5	1	3
455.5	455.75	1	3
455.75	456	1	3
456	456.25	2	3
456.25	456.5	1	3
456.5	456.75	1	3
456.75	457	1	3
457	457.25	2	3
457.25	457.5	1	3
457.5	457.75	1	3
457.75	458	1	3
458	458.5	10	2
458.5	458.75	10	2
458.75	459	10	2
459	459.25	10	2
459.25	459.5	10	2
459.5	460.5	2	3
460.5	461	1	3
461	461.25	2	2
461.25	461.5	2	2
461.5	462	8	2
462	463	7	3
463	463.25	7	2
463.25	463.5	7	2
463.5	463.75	7	2
463.75	464	7	2
464	464.25	8	2
464.25	464.5	7	2
464.5	464.75	7	2
464.75	465	7	2
465	465.25	10	2
465.25	465.5	7	2
465.5	465.75	7	2
465.75	466	7	2
466	466.25	7	2
466.25	466.5	8	2
466.5	466.75	10	2
466.75	467	2	3
467	467.25	8	2
467.25	467.5	10	2
467.5	467.75	2	3
467.75	468	3	3
468	468.25	7	2
468.25	468.5	7	2
468.5	468.75	7	2
468.75	469	7	2
469	469.25	2	3
469.25	469.5	3	3
469.5	469.75	2	3
469.75	470	9	2
470	471	1	3
471	471.25	1	3
471.25	471.5	1	3
471.5	471.75	1	3
471.75	472	1	3
472	472.25	2	3
472.25	472.5	1	3
472.5	472.75	1	3
472.75	473	1	3
473	473.25	2	3
473.25	473.5	1	3
473.5	473.75	1	3
473.75	474	1	3
474	474.25	10	2
474.25	474.5	1	3
474.5	474.75	2	3
474.75	475	3	3
475	475.25	1	3
475.25	475.5	2	3
475.5	475.75	10	2
475.75	476	1	3
476	476.25	7	2
476.25	476.5	10	2
476.5	476.75	6	2
476.75	477	7	2
477	477.25	3	2
477.25	477.5	6	2
477.5	477.75	7	2
477.75	478	10	2
478	479	7	3
479	479.25	7	2
479.25	479.5	7	2
479.5	479.75	7	2
479.75	480	7	2
480	480.25	8	2
480.25	480.5	7	2
480.5	480.75	7	2
480.75	481	7	2
481	481.25	10	2
481.25	481.5	7	2
481.5	481.75	7	2
481.75	482	7	2
482	482.25	7	2
482.25	482.5	8	2
482.5	482.75	10	2
482.75	483	2	3
483	483.25	8	2
483.25	483.5	10	2
483.5	483.75	2	3
483.75	484	3	3
484	484.25	7	2
484.25	484.5	7	2
484.5	484.75	7	2
484.75	485	7	2
485	485.25	2	3
485.25	485.5	3	3
485.5	485.75	2	3
485.75	486	9	2
486	487	1	3
487	487.25	1	3
487.25	487.5	1	3
487.5	487.75	1	3
487.75	488	1	3
488	488.25	2	3
488.25	488.5	1	3
488.5	488.75	1	3
488.75	489	1	3
489	489.25	2	3
489.25	489.5	1	3
489.5	489.75	1	3
489.75	490	1	3
490	490.5	10	2
490.5	490.75	10	2
490.75	491	10	2
491	491.25	10	2
491.25	491.5	10	2
491.5	492.5	2	3
492.5	493	1	3
493	493.25	2	2
493.25	493.5	2	2
493.5	494	8	2
494	495	7	3
495	495.25	7	2
495.25	495.5	7	2
495.5	495.75	7	2
495.75	496	7	2
496	496.25	8	2
496.25	496.5	7	2
496.5	496.75	7	2
496.75	497	7	2
497	497.25	10	2
497.25	497.5	7	2
497.5	497.75	7	2
497.75	498	7	2
498	498.25	7	2
498.25	498.5	8	2
498.5	498.75	10	2
498.75	499	2	3
499	499.25	8	2
499.25	499.5	10	2
499.5	499.75	2	3
499.75	500	3	3
500	500.25	7	2
500.25	500.5	7	2
500.5	500.75	7	2
500.75	501	7	2
501	501.25	2	3
501.25	501.5	3	3
501.5	501.75	2	3
501.75	502	9	2
502	503	1	3
503	503.25	1	3
503.25	503.5	1	3
503.5	503.75	1	3
503.75	504	1	3
504	504.25	2	3
504.25	504.5	1	3
504.5	504.75	1	3
504.75	505	1	3
505	505.25	2	3
505.25	505.5	1	3
505.5	505.75	1	3
505.75	506	1	3
506	506.5	10	2
507.5	508.5	2	3
508.5	509	1	3
509	509.5	9	2
509.5	510	3	3
510	510.167	7	2
510.167	510.333	7	2
510.333	510.5	7	2
510.5	510.667	7	2
510.667	510.833	7	2
510.833	511	7	2
511	511.167	7	2
511.167	511.333	7	2
511.333	511.5	7	2
511.5	511.667	7	2
511.667	511.833	7	2
511.833	512	7	2
512	512.167	7	2
512.167	512.333	7	2
512.333	512.5	7	2
512.5	512.667	7	2
512.667	512.833	7	2
512.833	513	7	2
513	514	8	3
514	518	8	3
518	518.167	7	2
518.167	518.333	7	2
518.333	518.5	7	2
518.5	518.667	7	2
518.667	518.833	7	2
518.833	519	7	2
519	519.167	7	2
519.167	519.333	7	2
519.333	519.5	7	2
519.5	519.667	7	2
519.667	519.833	7	2
519.833	520	7	2
520	520.167	7	2
520.167	520.333	7	2
520.333	520.5	7	2
520.5	520.667	7	2
520.667	520.833	7	2
520.833	521	7	2
521	522	8	3
522	524	8	3
524	526	7	2
526	526.167	7	2
526.167	526.333	7	2
526.333	526.5	7	2
526.5	526.667	7	2
526.667	526.833	7	2
526.833	527	7	2
527	527.167	7	2
527.167	527.333	7	2
527.333	527.5	7	2
527.5	527.667	7	2
527.667	527.833	7	2
527.833	528	7	2
528	528.167	7	2
528.167	528.333	7	2
528.333	528.5	7	2
528.5	528.667	7	2
528.667	528.833	7	2
528.833	529	7	2
529	530	8	3
530	534	8	3
534	534.167	7	2
534.167	534.333	7	2
534.333	534.5	7	2
534.5	534.667	7	2
534.667	534.833	7	2
534.833	535	7	2
535	535.167	7	2
535.167	535.333	7	2
535.333	535.5	7	2
535.5	535.667	7	2
535.667	535.833	7	2
535.833	536	7	2
536	536.167	7	2
536.167	536.333	7	2
536.333	536.5	7	2
536.5	536.667	7	2
536.667	536.833	7	2
536.833	537	7	2
537	538	8	3
538	540	8	3
540	540.5	7	2
540.5	541	8	2
541	541.167	7	2
541.167	541.333	8	2
541.333	541.5	7	2
541.5	541.75	2	2
541.75	542	6	2
542	542.167	7	2
542.167	542.333	7	2
542.333	542.5	7	2
542.5	542.667	7	2
542.667	542.833	7	2
542.833	543	7	2
543	543.167	7	2
543.167	543.333	7	2
543.333	543.5	7	2
543.5	543.667	7	2
543.667	543.833	7	2
543.833	544	7	2
544	544.167	7	2
544.167	544.333	7	2
544.333	544.5	7	2
544.5	544.667	7	2
544.667	544.833	7	2
544.833	545	7	2
545	546	8	3
546	550	8	3
550	550.167	7	2
550.167	550.333	7	2
550.333	550.5	7	2
550.5	550.667	7	2
550.667	550.833	7	2
550.833	551	7	2
551	551.167	7	2
551.167	551.333	7	2
551.333	551.5	7	2
551.5	551.667	7	2
551.667	551.833	7	2
551.833	552	7	2
552	552.167	7	2
552.167	552.333	7	2
552.333	552.5	7	2
552.5	552.667	7	2
552.667	552.833	7	2
552.833	553	7	2
553	554	8	3
554	556	8	3
556	558	7	2
558	558.167	7	2
558.167	558.333	7	2
558.333	558.5	7	2
558.5	558.667	7	2
558.667	558.833	7	2
558.833	559	7	2
559	559.167	7	2
559.167	559.333	7	2
559.333	559.5	7	2
559.5	559.667	7	2
559.667	559.833	7	2
559.833	560	7	2
560	560.167	7	2
560.167	560.333	7	2
560.333	560.5	7	2
560.5	560.667	7	2
560.667	560.833	7	2
560.833	561	7	2
561	562	8	3
562	566	8	3
566	566.167	7	2
566.167	566.333	7	2
566.333	566.5	7	2
566.5	566.667	7	2
566.667	566.833	7	2
566.833	567	7	2
567	567.167	7	2
567.167	567.333	7	2
567.333	567.5	7	2
567.5	567.667	7	2
567.667	567.833	7	2
567.833	568	7	2
568	568.167	7	2
568.167	568.333	7	2
568.333	568.5	7	2
568.5	568.667	7	2
568.667	568.833	7	2
568.833	569	7	2
569	570	8	3
570	572	8	3
572	572.5	7	2
572.5	573	8	2
573	573.167	7	2
573.167	573.333	8	2
573.333	573.5	7	2
573.5	573.75	2	2
573.75	574	6	2
574	574.5	7	3
574.5	575	2	4
575	575.5	7	3
575.5	576	3	4
576	576.5	2	4
576.5	577	7	3
577	577.5	8	3
577.5	578	2	4
578	578.5	8	3
578.5	579	3	4
579	579.5	2	4
579.5	580	8	3
580	580.5	2	4
580.5	581	8	3
581	581.5	3	4
581.5	582	2	4
582	582.5	7	3
582.5	583	2	4
583	583.5	7	3
583.5	584	3	4
584	584.5	2	4
584.5	585	7	3
585	585.5	8	3
585.5	586	2	4
586	586.5	8	3
586.5	587	3	4
587	587.5	2	4
587.5	588	8	3
588	588.5	6	3
588.5	589	1	4
589	589.5	3	4
589.5	590	1	4
590	590.5	7	3
590.5	591	2	4
591	591.5	7	3
591.5	592	3	4
592	592.5	2	4
592.5	593	7	3
593	593.5	8	3
593.5	594	2	4
594	594.5	8	3
594.5	595	3	4
595	595.5	2	4
595.5	596	8	3
596	596.5	2	4
596.5	597	8	3
597	597.5	3	4
597.5	598	2	4
598	598.5	7	3
598.5	599	2	4
599	599.5	7	3
599.5	600	3	4
600	600.5	2	4
600.5	601	7	3
601	601.5	8	3
601.5	602	2	4
602	602.5	8	3
602.5	603	3	4
603	603.5	2	4
603.5	604	8	3
604	604.5	6	3
604.5	605	1	4
605	605.5	3	4
605.5	606	1	4
606	606.5	7	2
606.5	607	7	3
607	607.5	7	2
607.5	608	10	3
608	608.5	7	3
608.5	609	7	2
609	609.5	8	2
609.5	610	8	3
610	610.5	8	2
610.5	611	10	3
611	611.5	8	3
611.5	612	8	2
612	612.5	8	3
612.5	613	8	2
613	613.5	10	3
613.5	614	8	3
614	614.5	7	2
614.5	615	7	3
615	615.5	7	2
615.5	616	10	3
616	616.5	7	3
616.5	617	7	2
617	617.5	8	2
617.5	618	8	3
618	618.5	8	2
618.5	619	10	3
619	619.5	8	3
619.5	620	8	2
620	620.5	6	2
620.5	621	6	3
621	621.5	10	3
621.5	622	6	3
622	622.5	7	2
622.5	623	7	3
623	623.5	7	2
623.5	624	10	3
624	624.5	7	3
624.5	625	7	2
625	625.5	8	2
625.5	626	8	3
626	626.5	8	2
626.5	627	10	3
627	627.5	8	3
627.5	628	8	2
628	628.5	8	3
628.5	629	8	2
629	629.5	10	3
629.5	630	8	3
630	630.5	7	2
630.5	631	7	3
631	631.5	7	2
631.5	632	10	3
632	632.5	7	3
632.5	633	7	2
633	633.5	8	2
633.5	634	8	3
634	634.5	8	2
634.5	635	10	3
635	635.5	8	3
635.5	636	8	2
636	636.5	6	2
636.5	637	6	3
637	637.5	10	3
637.5	638	6	3
638	638.5	7	2
638.5	639	7	3
639	639.5	7	2
639.5	640	10	3
640	640.5	7	3
640.5	641	7	2
641	641.5	8	2
641.5	642	8	3
642	642.5	8	2
642.5	643	10	3
643	643.5	8	3
643.5	644	8	2
644	644.5	8	3
644.5	645	8	2
645	645.5	10	3
645.5	646	8	3
646	646.5	7	2
646.5	647	7	3
647	647.5	7	2
647.5	648	10	3
648	648.5	7	3
648.5	649	7	2
649	649.5	8	2
649.5	650	8	3
650	650.5	8	2
650.5	651	10	3
651	651.5	8	3
651.5	652	8	2
652	652.5	6	2
652.5	653	6	3
653	653.5	10	3
653.5	654	6	3
654	654.5	7	2
654.5	655	7	3
655	655.5	7	2
655.5	656	10	3
656	656.5	7	3
656.5	657	7	2
657	657.5	8	2
657.5	658	8	3
658	658.5	8	2
658.5	659	10	3
659	659.5	8	3
659.5	660	8	2
660	660.5	8	3
660.5	661	8	2
661	661.5	10	3
661.5	662	8	3
662	662.5	7	2
662.5	663	7	3
663	663.5	7	2
663.5	664	10	3
664	664.5	7	3
664.5	665	7	2
665	665.5	8	2
665.5	666	8	3
666	666.5	8	2
666.5	667	10	3
667	667.5	8	3
667.5	668	8	2
668	668.5	6	3
668.5	669	6	3
669	669.5	6	3
669.5	670	6	3
670	671	6	3
